NACA 1212
    1.000000      0.1260000E-02
   0.9917329      0.2619664E-02
   0.9804949      0.4445832E-02
   0.9674780      0.6529840E-02
   0.9530275      0.8804917E-02
   0.9376172      0.1118755E-01
   0.9216504      0.1360988E-01
   0.9053875      0.1602968E-01
   0.8889725      0.1842457E-01
   0.8724787      0.2078373E-01
   0.8559421      0.2310225E-01
   0.8393805      0.2537802E-01
   0.8228028      0.2761013E-01
   0.8062139      0.2979823E-01
   0.7896167      0.3194209E-01
   0.7730131      0.3404152E-01
   0.7564048      0.3609625E-01
   0.7397931      0.3810592E-01
   0.7231792      0.4007001E-01
   0.7065646      0.4198792E-01
   0.6899503      0.4385889E-01
   0.6733378      0.4568202E-01
   0.6567282      0.4745625E-01
   0.6401230      0.4918040E-01
   0.6235234      0.5085313E-01
   0.6069308      0.5247293E-01
   0.5903467      0.5403814E-01
   0.5737725      0.5554693E-01
   0.5572098      0.5699731E-01
   0.5406601      0.5838712E-01
   0.5241252      0.5971400E-01
   0.5076068      0.6097543E-01
   0.4911068      0.6216866E-01
   0.4746272      0.6329079E-01
   0.4581701      0.6433866E-01
   0.4417378      0.6530894E-01
   0.4253327      0.6619802E-01
   0.4089577      0.6700209E-01
   0.3926157      0.6771705E-01
   0.3763100      0.6833857E-01
   0.3600444      0.6886199E-01
   0.3438229      0.6928236E-01
   0.3276506      0.6959439E-01
   0.3115331      0.6979245E-01
   0.2954776      0.6987053E-01
   0.2794932      0.6982227E-01
   0.2635927      0.6964095E-01
   0.2477947      0.6931969E-01
   0.2321288      0.6885180E-01
   0.2166441      0.6823171E-01
   0.2014231      0.6745673E-01
   0.1865819      0.6648728E-01
   0.1720496      0.6525894E-01
   0.1577801      0.6376667E-01
   0.1437781      0.6200741E-01
   0.1300831      0.5998170E-01
   0.1167634      0.5769629E-01
   0.1039174      0.5516768E-01
   0.9167175E-01  0.5242619E-01
   0.8017355E-01  0.4951889E-01
   0.6956884E-01  0.4650856E-01
   0.5997140E-01  0.4346625E-01
   0.5143452E-01  0.4045901E-01
   0.4394174E-01  0.3753859E-01
   0.3741975E-01  0.3473614E-01
   0.3176283E-01  0.3206371E-01
   0.2685611E-01  0.2951938E-01
   0.2259109E-01  0.2709296E-01
   0.1887301E-01  0.2477018E-01
   0.1562292E-01  0.2253537E-01
   0.1277707E-01  0.2037305E-01
   0.1028526E-01  0.1826868E-01
   0.8108973E-02  0.1620912E-01
   0.6219655E-02  0.1418295E-01
   0.4597214E-02  0.1218083E-01
   0.3228620E-02  0.1019607E-01
   0.2106553E-02  0.8225490E-02
   0.1227228E-02  0.6269823E-02
   0.5886519E-03  0.4336256E-02
   0.1857927E-03  0.2432591E-02
   0.1077267E-04  0.5841590E-03
   0.4816315E-04 -0.1227402E-02
   0.3107386E-03 -0.3085410E-02
   0.8230984E-03 -0.4966149E-02
   0.1599697E-02 -0.6844058E-02
   0.2645698E-02 -0.8698542E-02
   0.3960098E-02 -0.1051546E-01
   0.5540894E-02 -0.1228850E-01
   0.7389444E-02 -0.1401788E-01
   0.9513544E-02 -0.1570842E-01
   0.1192943E-01 -0.1736784E-01
   0.1466333E-01 -0.1900542E-01
   0.1775306E-01 -0.2063130E-01
   0.2125010E-01 -0.2225595E-01
   0.2522221E-01 -0.2388985E-01
   0.2975647E-01 -0.2554305E-01
   0.3496211E-01 -0.2722447E-01
   0.4097151E-01 -0.2894057E-01
   0.4793678E-01 -0.3069329E-01
   0.5601512E-01 -0.3247693E-01
   0.6533835E-01 -0.3427475E-01
   0.7597207E-01 -0.3605819E-01
   0.8788137E-01 -0.3779092E-01
   0.1009292     -0.3943751E-01
   0.1149150     -0.4097259E-01
   0.1296281     -0.4238503E-01
   0.1448830     -0.4367630E-01
   0.1605284     -0.4485601E-01
   0.1764345     -0.4593734E-01
   0.1924664     -0.4693323E-01
   0.2084395     -0.4783748E-01
   0.2243318     -0.4857843E-01
   0.2402392     -0.4916388E-01
   0.2561999     -0.4960744E-01
   0.2722275     -0.4991948E-01
   0.2883242     -0.5010876E-01
   0.3044874     -0.5018299E-01
   0.3207126     -0.5014923E-01
   0.3369951     -0.5001399E-01
   0.3533297     -0.4978333E-01
   0.3697122     -0.4946289E-01
   0.3861382     -0.4905795E-01
   0.4026042     -0.4857346E-01
   0.4191067     -0.4801403E-01
   0.4356427     -0.4738399E-01
   0.4522094     -0.4668739E-01
   0.4688043     -0.4592803E-01
   0.4854249     -0.4510943E-01
   0.5020692     -0.4423491E-01
   0.5187351     -0.4330755E-01
   0.5354207     -0.4233021E-01
   0.5521242     -0.4130555E-01
   0.5688440     -0.4023604E-01
   0.5855783     -0.3912393E-01
   0.6023257     -0.3797133E-01
   0.6190847     -0.3678012E-01
   0.6358538     -0.3555203E-01
   0.6526316     -0.3428862E-01
   0.6694168     -0.3299128E-01
   0.6862080     -0.3166122E-01
   0.7030040     -0.3029952E-01
   0.7198034     -0.2890708E-01
   0.7366050     -0.2748465E-01
   0.7534076     -0.2603285E-01
   0.7702098     -0.2455213E-01
   0.7870102     -0.2304282E-01
   0.8038073     -0.2150512E-01
   0.8205991     -0.1993914E-01
   0.8373828     -0.1834494E-01
   0.8541536     -0.1672264E-01
   0.8709024     -0.1507268E-01
   0.8876115     -0.1339632E-01
   0.9042443     -0.1169676E-01
   0.9207262     -0.9981360E-02
   0.9369098     -0.8265738E-02
   0.9525270     -0.6579788E-02
   0.9671615     -0.4971876E-02
   0.9803259     -0.3501497E-02
   0.9916697     -0.2215661E-02
    1.000000     -0.1260000E-02
