NACA 5016
    1.000000      0.1680000E-02
   0.9906960      0.4336697E-02
   0.9786747      0.7727414E-02
   0.9652329      0.1146380E-01
   0.9504467      0.1550800E-01
   0.9344939      0.1979534E-01
   0.9176117      0.2424823E-01
   0.9000417      0.2879222E-01
   0.8819903      0.3336644E-01
   0.8636139      0.3792642E-01
   0.8450216      0.4244205E-01
   0.8262868      0.4689383E-01
   0.8074569      0.5126938E-01
   0.7885632      0.5556074E-01
   0.7696261      0.5976265E-01
   0.7506597      0.6387130E-01
   0.7316742      0.6788373E-01
   0.7126773      0.7179730E-01
   0.6936755      0.7560946E-01
   0.6746743      0.7931763E-01
   0.6556790      0.8291905E-01
   0.6366945      0.8641076E-01
   0.6177258      0.8978953E-01
   0.5987779      0.9305188E-01
   0.5798557      0.9619404E-01
   0.5609647      0.9921193E-01
   0.5421102      0.1021012    
   0.5232979      0.1048571    
   0.5045338      0.1074748    
   0.4858243      0.1099488    
   0.4671761      0.1122737    
   0.4485965      0.1144435    
   0.4300934      0.1164519    
   0.4116754      0.1182924    
   0.3933519      0.1199583    
   0.3751337      0.1214424    
   0.3570327      0.1227373    
   0.3390626      0.1238355    
   0.3212394      0.1247292    
   0.3035818      0.1254107    
   0.2861123      0.1258722    
   0.2688578      0.1261063    
   0.2518510      0.1261061    
   0.2351317      0.1258661    
   0.2187483      0.1253823    
   0.2027585      0.1246535    
   0.1872300      0.1236823    
   0.1722392      0.1224760    
   0.1578677      0.1210479    
   0.1441973      0.1194177    
   0.1313015      0.1176109    
   0.1192377      0.1156576    
   0.1080401      0.1135899    
   0.9771618E-01  0.1114396    
   0.8824806E-01  0.1092351    
   0.7959687E-01  0.1070005    
   0.7170955E-01  0.1047545    
   0.6452509E-01  0.1025106    
   0.5797980E-01  0.1002778    
   0.5201127E-01  0.9806126E-01
   0.4656122E-01  0.9586319E-01
   0.4157681E-01  0.9368377E-01
   0.3701093E-01  0.9152152E-01
   0.3282221E-01  0.8937385E-01
   0.2897494E-01  0.8723741E-01
   0.2543873E-01  0.8510842E-01
   0.2218796E-01  0.8298292E-01
   0.1920130E-01  0.8085683E-01
   0.1646129E-01  0.7872614E-01
   0.1395397E-01  0.7658706E-01
   0.1166857E-01  0.7443626E-01
   0.9597186E-02  0.7227099E-01
   0.7734401E-02  0.7008946E-01
   0.6076933E-02  0.6789106E-01
   0.4623103E-02  0.6567673E-01
   0.3372231E-02  0.6344932E-01
   0.2323747E-02  0.6121368E-01
   0.1476469E-02  0.5897707E-01
   0.8273031E-03  0.5674805E-01
   0.3709529E-03  0.5453713E-01
   0.9941011E-04  0.5235812E-01
   0.6300894E-06  0.5018824E-01
   0.7225030E-04  0.4798853E-01
   0.3259964E-03  0.4574452E-01
   0.7739891E-03  0.4347028E-01
   0.1425134E-02  0.4117756E-01
   0.2285141E-02  0.3887736E-01
   0.3356843E-02  0.3657947E-01
   0.4641244E-02  0.3429135E-01
   0.6138499E-02  0.3201807E-01
   0.7849014E-02  0.2976232E-01
   0.9774329E-02  0.2752467E-01
   0.1191785E-01  0.2530398E-01
   0.1428539E-01  0.2309775E-01
   0.1688562E-01  0.2090246E-01
   0.1973042E-01  0.1871387E-01
   0.2283523E-01  0.1652726E-01
   0.2621941E-01  0.1433763E-01
   0.2990661E-01  0.1213983E-01
   0.3392553E-01  0.9928573E-02
   0.3831077E-01  0.7698450E-02
   0.4310314E-01  0.5444326E-02
   0.4834945E-01  0.3161913E-02
   0.5410257E-01  0.8481330E-03
   0.6042210E-01 -0.1498752E-02
   0.6737420E-01 -0.3878697E-02
   0.7502943E-01 -0.6288849E-02
   0.8345867E-01 -0.8722359E-02
   0.9272800E-01 -0.1116756E-01
   0.1028923     -0.1360748E-01
   0.1139877     -0.1601977E-01
   0.1260236     -0.1837752E-01
   0.1389793     -0.2065118E-01
   0.1528045     -0.2281138E-01
   0.1674262     -0.2483176E-01
   0.1827580     -0.2669117E-01
   0.1987095     -0.2837473E-01
   0.2151942     -0.2987379E-01
   0.2321347     -0.3118519E-01
   0.2494644     -0.3231006E-01
   0.2671278     -0.3325271E-01
   0.2850793     -0.3401957E-01
   0.3032818     -0.3461845E-01
   0.3217051     -0.3505788E-01
   0.3403242     -0.3534677E-01
   0.3591185     -0.3549413E-01
   0.3780704     -0.3550886E-01
   0.3971652     -0.3539963E-01
   0.4163897     -0.3517486E-01
   0.4357325     -0.3484262E-01
   0.4551834     -0.3441060E-01
   0.4747331     -0.3388611E-01
   0.4943730     -0.3327609E-01
   0.5140953     -0.3258704E-01
   0.5338924     -0.3182505E-01
   0.5537575     -0.3099582E-01
   0.5736839     -0.3010461E-01
   0.5936651     -0.2915627E-01
   0.6136950     -0.2815523E-01
   0.6337676     -0.2710549E-01
   0.6538768     -0.2601067E-01
   0.6740168     -0.2487394E-01
   0.6941812     -0.2369810E-01
   0.7143635     -0.2248557E-01
   0.7345565     -0.2123840E-01
   0.7547513     -0.1995836E-01
   0.7749368     -0.1864700E-01
   0.7950975     -0.1730580E-01
   0.8152109     -0.1593640E-01
   0.8352427     -0.1454104E-01
   0.8551395     -0.1312314E-01
   0.8748182     -0.1168835E-01
   0.8941525     -0.1024584E-01
   0.9129591     -0.8809821E-02
   0.9309948     -0.7400465E-02
   0.9479762     -0.6042966E-02
   0.9636321     -0.4763631E-02
   0.9777723     -0.3583937E-02
   0.9903332     -0.2515703E-02
    1.000000     -0.1680000E-02
