1.315   74.459
1.311   75.783
1.322   76.844
1.340   78.082
1.375   79.411
1.403   80.738
1.439   81.979
1.476   83.396
1.541   84.727
1.579   85.614
1.647   86.680
1.727   87.570
1.801   88.548
1.887   89.174
1.987   89.359
2.140   89.547
2.290   89.204
2.423   88.948
2.548   88.603
2.679   88.170
2.833   87.737
3.014   87.393
3.206   86.962
3.372   86.616
3.545   86.183
3.749   85.662
3.962   84.964
4.190   84.532
4.379   83.921
4.656   83.312
4.952   82.880
5.175   82.181
5.441   81.659
5.785   81.139
6.045   80.351
6.429   79.919
6.718   79.220
6.983   78.696
